410, 1720
530, 4289
569, 560
540, 2882
400, 1010
357, 49
312, 1
419, 2733
609, 25
306, 1
512, 7067
511, 7727
342, 13
379, 267
368, 102
434, 4919
428, 3886
481, 10937
425, 3549
392, 651
361, 50
346, 12
329, 4
430, 4212
574, 419
603, 34
333, 2
524, 5501
424, 3433
585, 206
455, 8549
510, 7713
572, 504
591, 109
381, 279
332, 3
397, 893
593, 108
526, 5011
552, 1628
541, 2850
395, 756
453, 8145
472, 10662
602, 47
562, 939
462, 9776
480, 10759
393, 680
583, 227
604, 33
594, 85
502, 8966
497, 9695
320, 1
606, 28
355, 34
394, 729
529, 4532
613, 12
319, 1
578, 305
348, 19
565, 783
487, 10712
486, 10605
374, 169
305, 1
387, 400
507, 8179
539, 3053
334, 4
624, 2
327, 3
442, 6425
469, 10163
516, 6699
337, 6
538, 3091
423, 3259
570, 512
636, 1
509, 8040
501, 9087
482, 10609
404, 1351
615, 16
471, 10472
360, 50
349, 17
633, 1
399, 1022
584, 201
432, 4645
463, 9675
514, 6935
588, 142
353, 29
375, 199
483, 10840
352, 31
408, 1629
522, 5701
437, 5375
493, 10035
496, 9766
409, 1746
459, 8954
506, 8312
575, 382
597, 64
405, 1389
343, 11
450, 7773
448, 7234
596, 71
358, 40
630, 3
528, 4690
534, 3676
590, 121
439, 5824
389, 513
475, 10801
347, 19
533, 3909
489, 10513
492, 10212
447, 7275
535, 3684
605, 37
637, 1
532, 3974
531, 4274
376, 206
557, 1217
416, 2365
520, 6021
415, 2343
339, 3
377, 209
505, 8595
515, 6920
431, 4357
456, 8619
631, 4
608, 27
441, 6220
499, 9422
542, 2667
457, 8992
561, 978
545, 2344
406, 1444
525, 5073
321, 1
470, 10524
388, 490
595, 91
307, 1
592, 114
458, 9043
640, 1
547, 2063
354, 31
382, 290
383, 360
589, 135
546, 2188
369, 110
465, 10043
403, 1261
440, 6103
523, 5464
438, 5666
351, 20
391, 575
639, 1
554, 1440
443, 6526
422, 3189
446, 7021
336, 7
378, 230
427, 3863
580, 290
479, 10472
518, 6444
548, 2006
356, 40
426, 3834
634, 1
503, 9032
488, 10695
521, 5830
330, 4
504, 8887
417, 2578
350, 9
555, 1355
581, 281
601, 43
429, 4182
485, 10650
460, 9218
449, 7532
617, 15
629, 2
338, 4
401, 1094
433, 4913
611, 31
344, 14
396, 785
553, 1588
559, 1131
345, 10
620, 10
359, 42
600, 52
365, 79
626, 3
412, 1969
610, 19
451, 8110
373, 147
623, 9
612, 17
598, 60
537, 3400
371, 135
614, 14
436, 5303
454, 8499
473, 10581
627, 2
445, 6733
663, 1
484, 10708
328, 2
549, 2020
385, 382
452, 8207
519, 6136
632, 2
461, 9454
324, 1
513, 7222
625, 6
340, 8
390, 548
543, 2581
536, 3328
622, 5
498, 9556
577, 366
579, 275
495, 9914
370, 123
380, 300
576, 356
444, 6638
621, 3
641, 1
398, 923
500, 9446
599, 51
363, 79
372, 140
364, 80
517, 6446
402, 1152
628, 4
586, 172
335, 5
618, 7
607, 18
466, 10213
568, 578
564, 830
619, 8
551, 1786
325, 1
560, 1095
494, 10136
413, 2108
418, 2671
331, 3
556, 1234
544, 2397
464, 9868
490, 10365
477, 10806
694, 1
550, 1769
421, 2988
587, 143
341, 9
571, 486
468, 10148
566, 705
467, 10157
476, 10766
563, 908
366, 97
407, 1519
386, 405
474, 10842
362, 69
367, 88
435, 5186
616, 14
648, 1
567, 653
420, 2847
638, 1
582, 248
508, 8090
491, 10469
384, 356
478, 10962
558, 1107
411, 1822
414, 2198
573, 487
527, 4887